0.89
1.14
2.0
3.0
4.2
5.0
6.1
7.3
9.5
10.0
11.0
14.0
15.0
16.1
17.6
19.1
20.0
24.0
26.0
27.1
28.1
29.0
30.0
32.0
33.0
34.0
35.0
36.0
37.0
38.0
39.2
41.0
42.1
45.0
46.0
47.1
48.0
49.0
51.0
52.0
53.0
54.2
55.0
56.0
57.0
58.4
59.0
60.1
61.0
62.1
63.0
64.0
65.0
66.0
67.2
68.0
69.0
70.5
71.0
72.1
73.0
74.0
75.2
76.0
77.0
78.5
79.0
80.1
81.4
82.0
83.0
84.0
85.1
86.3
87.0
88.0
89.2
90.0
91.0
92.1
93.1
94.1
95.0
96.0
97.0
98.0
99.1
101.7
102.0
104.0
105.0
107.0
108.2
109.2
110.2
111.1
112.0
113.0
114.0
115.4
116.1
117.0
119.0
120.3
121.0
122.0
123.2
124.0
130.12
131.2
132.6
133.1
134.0
135.0
136.4
137.1
138.2
142.2
144.11
4.19
145.1
146.2
